TEMPORAL STRUCTURE
==================

Rows               : 7
Columns            : 28

 Column  Occupied Cells  Occupancy %  Total Density  Mean Density  Minimum Density  Maximum Density
      1               1    14.285714            3.5      3.500000              3.5              3.5
      2               2    28.571429           10.5      5.250000              4.5              6.0
      3               4    57.142857           24.5      6.125000              4.5              9.0
      4               2    28.571429           15.5      7.750000              6.5              9.0
      5               4    57.142857           38.5      9.625000              4.0             15.0
      6               3    42.857143           15.5      5.166667              5.0              5.5
      7               5    71.428571           31.5      6.300000              3.5             10.0
      8               0     0.000000            0.0      0.000000              0.0              0.0
      9               5    71.428571           24.5      4.900000              4.0              5.5
     10               4    57.142857           31.0      7.750000              4.0             11.0
     11               3    42.857143           19.5      6.500000              4.5             10.0
     12               1    14.285714            6.5      6.500000              6.5              6.5
     13               4    57.142857           33.5      8.375000              4.5             14.0
     14               1    14.285714            4.5      4.500000              4.5              4.5
     15               2    28.571429            8.5      4.250000              3.5              5.0
     16               3    42.857143           20.0      6.666667              4.0              9.5
     17               5    71.428571           30.0      6.000000              4.5             10.0
     18               6    85.714286           26.5      4.416667              3.5              6.0
     19               5    71.428571           24.5      4.900000              4.0              6.5
     20               5    71.428571           28.5      5.700000              2.5             11.5
     21               1    14.285714           17.0     17.000000             17.0             17.0
     22               4    57.142857           26.0      6.500000              5.0             10.0
     23               2    28.571429           16.5      8.250000              6.5             10.0
     24               0     0.000000            0.0      0.000000              0.0              0.0
     25               6    85.714286           59.5      9.916667              4.0             20.0
     26               3    42.857143           17.0      5.666667              5.0              6.0
     27               5    71.428571           38.0      7.600000              4.0             16.0
     28               3    42.857143           22.0      7.333333              5.0             10.5